HiC_scaffold_8	72847985	281374969	80	81
HiC_scaffold_7	54543806	226149349	80	81
HiC_scaffold_10	48765487	390775308	80	81
HiC_scaffold_3	44265312	70730958	80	81
HiC_scaffold_6	43786268	181815736	80	81
HiC_scaffold_1	39637058	16	80	81
HiC_scaffold_5	38754046	142577248	80	81
HiC_scaffold_9	35201699	355133570	80	81
HiC_scaffold_11	34546406	440150381	80	81
HiC_scaffold_2	30220630	40132554	80	81
HiC_scaffold_4	26693954	115549603	80	81
HiC_scaffold_35	203800	475948724	80	81
HiC_scaffold_36	104107	476155089	80	81
HiC_scaffold_37	102282	476260515	80	81
HiC_scaffold_16	102101	475289491	80	81
HiC_scaffold_17	100879	475392886	80	81
HiC_scaffold_38	86793	476364093	80	81
HiC_scaffold_100	72969	477997123	80	81
HiC_scaffold_39	72853	476451988	80	81
HiC_scaffold_40	71999	476525769	80	81
HiC_scaffold_41	69517	476598685	80	81
HiC_scaffold_12	68122	475128635	80	81
HiC_scaffold_136	65115	478793004	80	81
HiC_scaffold_137	64026	478858951	80	81
HiC_scaffold_111	59003	478326014	80	81
HiC_scaffold_107	58334	478215561	80	81
HiC_scaffold_42	56144	476669088	80	81
HiC_scaffold_15	51395	475237436	80	81
HiC_scaffold_43	50192	476725951	80	81
HiC_scaffold_103	50000	478119960	80	81
HiC_scaffold_44	49822	476776788	80	81
HiC_scaffold_144	48182	479033712	80	81
HiC_scaffold_112	47946	478385773	80	81
HiC_scaffold_18	46955	475495043	80	81
HiC_scaffold_98	46054	477942361	80	81
HiC_scaffold_20	42885	475564559	80	81
HiC_scaffold_121	42000	478523782	80	81
HiC_scaffold_77	36731	477586558	80	81
HiC_scaffold_132	36642	478719799	80	81
HiC_scaffold_139	36279	478928877	80	81
HiC_scaffold_92	36228	477840638	80	81
HiC_scaffold_45	35909	476827250	80	81
HiC_scaffold_46	35639	476863625	80	81
HiC_scaffold_47	35518	476899727	80	81
HiC_scaffold_48	35305	476935706	80	81
HiC_scaffold_94	35253	477884772	80	81
HiC_scaffold_152	33678	479180159	80	81
HiC_scaffold_49	33535	476971470	80	81
HiC_scaffold_126	33388	478639816	80	81
HiC_scaffold_50	32727	477005442	80	81
HiC_scaffold_101	32666	478071023	80	81
HiC_scaffold_51	32150	477038596	80	81
HiC_scaffold_81	32113	477681203	80	81
HiC_scaffold_52	31337	477071165	80	81
HiC_scaffold_109	31211	478292640	80	81
HiC_scaffold_53	31135	477102911	80	81
HiC_scaffold_153	31037	479214276	80	81
HiC_scaffold_34	30507	475917818	80	81
HiC_scaffold_21	30363	475607998	80	81
HiC_scaffold_54	29767	477134453	80	81
HiC_scaffold_143	29541	479003783	80	81
HiC_scaffold_22	28884	475638758	80	81
HiC_scaffold_87	28615	477754964	80	81
HiC_scaffold_33	28458	475888987	80	81
HiC_scaffold_157	27683	479262037	80	81
HiC_scaffold_142	27451	478975970	80	81
HiC_scaffold_55	27039	477164610	80	81
HiC_scaffold_145	26405	479082515	80	81
HiC_scaffold_158	26375	479290085	80	81
HiC_scaffold_159	26088	479316808	80	81
HiC_scaffold_160	26040	479343241	80	81
HiC_scaffold_30	26031	475819039	80	81
HiC_scaffold_56	26002	477192004	80	81
HiC_scaffold_124	26000	478603330	80	81
HiC_scaffold_57	25699	477218349	80	81
HiC_scaffold_161	25317	479369625	80	81
HiC_scaffold_162	25076	479395277	80	81
HiC_scaffold_75	25000	477552992	80	81
HiC_scaffold_78	25000	477623766	80	81
HiC_scaffold_91	25000	477815308	80	81
HiC_scaffold_147	24714	479134097	80	81
HiC_scaffold_58	24640	477244387	80	81
HiC_scaffold_163	24631	479420685	80	81
HiC_scaffold_119	24533	478495857	80	81
HiC_scaffold_146	24503	479109269	80	81
HiC_scaffold_59	24460	477269352	80	81
HiC_scaffold_60	24349	477294135	80	81
HiC_scaffold_23	24294	475668021	80	81
HiC_scaffold_61	23936	477318806	80	81
HiC_scaffold_62	23647	477343059	80	81
HiC_scaffold_24	23317	475692636	80	81
HiC_scaffold_63	23235	477367019	80	81
HiC_scaffold_167	23203	479454869	80	81
HiC_scaffold_25	23181	475716262	80	81
HiC_scaffold_168	22513	479478381	80	81
HiC_scaffold_32	22502	475866186	80	81
HiC_scaffold_64	22140	477390562	80	81
HiC_scaffold_29	21732	475797018	80	81
HiC_scaffold_19	21669	475542602	80	81
HiC_scaffold_65	21637	477412996	80	81
HiC_scaffold_122	21624	478566325	80	81
HiC_scaffold_114	21612	478445279	80	81
HiC_scaffold_74	21406	477531301	80	81
HiC_scaffold_14	21178	475215976	80	81
HiC_scaffold_66	21098	477434921	80	81
HiC_scaffold_106	20691	478194593	80	81
HiC_scaffold_31	20499	475845413	80	81
HiC_scaffold_128	19802	478675148	80	81
HiC_scaffold_169	19596	479501194	80	81
HiC_scaffold_26	19233	475739750	80	81
HiC_scaffold_28	19086	475777676	80	81
HiC_scaffold_105	18885	478175453	80	81
HiC_scaffold_171	18737	479528857	80	81
HiC_scaffold_90	18644	477796413	80	81
HiC_scaffold_27	18190	475759241	80	81
HiC_scaffold_67	18146	477456300	80	81
HiC_scaffold_13	18106	475197626	80	81
HiC_scaffold_108	17757	478274643	80	81
HiC_scaffold_68	17394	477474690	80	81
HiC_scaffold_172	17096	479547847	80	81
HiC_scaffold_86	17003	477737731	80	81
HiC_scaffold_135	17000	478775773	80	81
HiC_scaffold_173	16704	479565175	80	81
HiC_scaffold_80	16676	477664301	80	81
HiC_scaffold_175	16443	479583508	80	81
HiC_scaffold_69	16270	477492319	80	81
HiC_scaffold_70	15787	477508810	80	81
HiC_scaffold_102	15630	478104116	80	81
HiC_scaffold_79	15000	477649096	80	81
HiC_scaffold_176	14994	479600175	80	81
HiC_scaffold_131	14900	478704694	80	81
HiC_scaffold_123	14887	478588238	80	81
HiC_scaffold_95	14747	477920483	80	81
HiC_scaffold_133	14546	478756918	80	81
HiC_scaffold_177	14509	479615375	80	81
HiC_scaffold_178	14507	479630084	80	81
HiC_scaffold_179	14396	479644791	80	81
HiC_scaffold_180	13649	479659385	80	81
HiC_scaffold_181	13641	479673223	80	81
HiC_scaffold_118	13240	478482433	80	81
HiC_scaffold_182	13141	479687053	80	81
HiC_scaffold_183	13063	479700377	80	81
HiC_scaffold_184	13006	479713622	80	81
HiC_scaffold_185	12939	479726809	80	81
HiC_scaffold_186	12909	479739928	80	81
HiC_scaffold_187	12805	479753017	80	81
HiC_scaffold_188	12790	479766001	80	81
HiC_scaffold_189	12725	479778969	80	81
HiC_scaffold_190	12666	479791872	80	81
HiC_scaffold_191	12450	479804715	80	81
HiC_scaffold_117	12418	478469841	80	81
HiC_scaffold_192	12188	479817339	80	81
HiC_scaffold_193	12082	479829698	80	81
HiC_scaffold_194	11883	479841950	80	81
HiC_scaffold_195	11588	479854000	80	81
HiC_scaffold_196	11342	479865751	80	81
HiC_scaffold_197	11321	479877253	80	81
HiC_scaffold_198	11318	479888734	80	81
HiC_scaffold_199	11256	479900212	80	81
HiC_scaffold_200	11209	479911627	80	81
HiC_scaffold_201	11150	479922995	80	81
HiC_scaffold_202	11118	479934303	80	81
HiC_scaffold_203	11062	479945578	80	81
HiC_scaffold_204	11017	479956797	80	81
HiC_scaffold_88	11000	477783954	80	81
HiC_scaffold_84	10997	477725549	80	81
HiC_scaffold_113	10789	478434337	80	81
HiC_scaffold_205	10717	479967970	80	81
HiC_scaffold_206	10624	479978839	80	81
HiC_scaffold_207	10582	479989614	80	81
HiC_scaffold_150	10537	479166568	80	81
HiC_scaffold_208	10537	480000347	80	81
HiC_scaffold_209	10525	480011034	80	81
HiC_scaffold_210	10262	480021709	80	81
HiC_scaffold_125	10000	478629673	80	81
HiC_scaffold_211	9961	480032118	80	81
HiC_scaffold_212	9777	480042222	80	81
HiC_scaffold_213	9755	480052140	80	81
HiC_scaffold_83	9634	477715777	80	81
HiC_scaffold_214	9594	480062035	80	81
HiC_scaffold_215	9479	480071767	80	81
HiC_scaffold_216	9289	480081383	80	81
HiC_scaffold_217	9244	480090807	80	81
HiC_scaffold_218	9205	480100185	80	81
HiC_scaffold_219	9178	480109524	80	81
HiC_scaffold_220	9081	480118835	80	81
HiC_scaffold_141	9080	478966758	80	81
HiC_scaffold_221	9027	480128048	80	81
HiC_scaffold_222	9017	480137206	80	81
HiC_scaffold_223	9008	480146354	80	81
HiC_scaffold_224	8903	480155493	80	81
HiC_scaffold_225	8853	480164526	80	81
HiC_scaffold_226	8806	480173508	80	81
HiC_scaffold_227	8791	480182443	80	81
HiC_scaffold_228	8751	480191362	80	81
HiC_scaffold_229	8505	480200241	80	81
HiC_scaffold_230	8403	480208871	80	81
HiC_scaffold_129	8324	478695216	80	81
HiC_scaffold_231	8275	480217398	80	81
HiC_scaffold_232	8203	480225795	80	81
HiC_scaffold_76	8117	477578322	80	81
HiC_scaffold_233	8097	480234119	80	81
HiC_scaffold_99	7997	477989008	80	81
HiC_scaffold_234	7976	480242336	80	81
HiC_scaffold_235	7843	480250430	80	81
HiC_scaffold_236	7812	480258390	80	81
HiC_scaffold_170	7689	479521053	80	81
HiC_scaffold_237	7664	480266318	80	81
HiC_scaffold_238	7627	480274096	80	81
HiC_scaffold_239	7592	480281837	80	81
HiC_scaffold_156	7591	479254333	80	81
HiC_scaffold_240	7512	480289542	80	81
HiC_scaffold_241	7468	480297166	80	81
HiC_scaffold_242	7420	480304746	80	81
HiC_scaffold_243	7330	480312277	80	81
HiC_scaffold_93	7327	477877336	80	81
HiC_scaffold_244	7270	480319717	80	81
HiC_scaffold_245	7228	480327096	80	81
HiC_scaffold_155	7202	479247022	80	81
HiC_scaffold_246	7164	480334433	80	81
HiC_scaffold_247	7158	480341705	80	81
HiC_scaffold_248	7157	480348971	80	81
HiC_scaffold_249	7101	480356236	80	81
HiC_scaffold_250	7090	480363444	80	81
HiC_scaffold_251	7033	480370641	80	81
HiC_scaffold_252	6989	480377780	80	81
HiC_scaffold_253	6933	480384875	80	81
HiC_scaffold_254	6807	480391913	80	81
HiC_scaffold_255	6807	480398824	80	81
HiC_scaffold_256	6703	480405735	80	81
HiC_scaffold_257	6700	480412540	80	81
HiC_scaffold_258	6678	480419342	80	81
HiC_scaffold_259	6672	480426122	80	81
HiC_scaffold_260	6457	480432896	80	81
HiC_scaffold_261	6447	480439452	80	81
HiC_scaffold_262	6434	480445998	80	81
HiC_scaffold_263	6313	480452531	80	81
HiC_scaffold_264	6255	480458941	80	81
HiC_scaffold_265	6244	480465293	80	81
HiC_scaffold_266	6178	480471634	80	81
HiC_scaffold_267	6150	480477908	80	81
HiC_scaffold_268	6075	480484153	80	81
HiC_scaffold_269	6059	480490322	80	81
HiC_scaffold_270	6058	480496475	80	81
HiC_scaffold_271	6027	480502627	80	81
HiC_scaffold_272	5982	480508748	80	81
HiC_scaffold_273	5902	480514823	80	81
HiC_scaffold_274	5879	480520817	80	81
HiC_scaffold_275	5819	480526788	80	81
HiC_scaffold_276	5815	480532698	80	81
HiC_scaffold_277	5799	480538604	80	81
HiC_scaffold_278	5791	480544494	80	81
HiC_scaffold_279	5790	480550376	80	81
HiC_scaffold_148	5772	479159138	80	81
HiC_scaffold_280	5708	480556257	80	81
HiC_scaffold_281	5627	480562055	80	81
HiC_scaffold_282	5615	480567771	80	81
HiC_scaffold_283	5594	480573475	80	81
HiC_scaffold_284	5495	480579157	80	81
HiC_scaffold_285	5469	480584739	80	81
HiC_scaffold_286	5462	480590295	80	81
HiC_scaffold_287	5439	480595844	80	81
HiC_scaffold_288	5439	480601369	80	81
HiC_scaffold_289	5434	480606894	80	81
HiC_scaffold_290	5387	480612414	80	81
HiC_scaffold_291	5377	480617887	80	81
HiC_scaffold_292	5312	480623350	80	81
HiC_scaffold_293	5285	480628747	80	81
HiC_scaffold_294	5284	480634117	80	81
HiC_scaffold_295	5218	480639486	80	81
HiC_scaffold_296	5203	480644788	80	81
HiC_scaffold_297	5189	480650075	80	81
HiC_scaffold_298	5151	480655347	80	81
HiC_scaffold_299	5142	480660581	80	81
HiC_scaffold_300	5075	480665806	80	81
HiC_scaffold_301	5047	480670963	80	81
HiC_scaffold_302	5016	480676092	80	81
HiC_scaffold_138	5000	478923796	80	81
HiC_scaffold_303	4952	480681189	80	81
HiC_scaffold_304	4915	480686221	80	81
HiC_scaffold_305	4860	480691216	80	81
HiC_scaffold_306	4858	480696155	80	81
HiC_scaffold_307	4816	480701092	80	81
HiC_scaffold_308	4790	480705987	80	81
HiC_scaffold_309	4782	480710855	80	81
HiC_scaffold_104	4772	478170603	80	81
HiC_scaffold_310	4713	480715715	80	81
HiC_scaffold_311	4637	480720505	80	81
HiC_scaffold_312	4634	480725218	80	81
HiC_scaffold_313	4548	480729928	80	81
HiC_scaffold_314	4534	480734551	80	81
HiC_scaffold_315	4525	480739160	80	81
HiC_scaffold_316	4504	480743760	80	81
HiC_scaffold_317	4444	480748339	80	81
HiC_scaffold_318	4438	480752857	80	81
HiC_scaffold_319	4418	480757369	80	81
HiC_scaffold_71	4357	477524812	80	81
HiC_scaffold_320	4354	480761861	80	81
HiC_scaffold_321	4250	480766288	80	81
HiC_scaffold_322	4215	480770610	80	81
HiC_scaffold_323	4194	480774896	80	81
HiC_scaffold_324	4122	480779161	80	81
HiC_scaffold_325	4113	480783353	80	81
HiC_scaffold_326	4096	480787536	80	81
HiC_scaffold_327	4094	480791702	80	81
HiC_scaffold_328	4091	480795866	80	81
HiC_scaffold_329	4087	480800027	80	81
HiC_scaffold_330	4077	480804184	80	81
HiC_scaffold_331	4053	480808330	80	81
HiC_scaffold_332	4045	480812452	80	81
HiC_scaffold_134	4040	478771664	80	81
HiC_scaffold_333	4037	480816566	80	81
HiC_scaffold_334	4031	480820672	80	81
HiC_scaffold_335	3979	480824772	80	81
HiC_scaffold_336	3965	480828819	80	81
HiC_scaffold_337	3938	480832852	80	81
HiC_scaffold_338	3904	480836858	80	81
HiC_scaffold_164	3883	479445642	80	81
HiC_scaffold_339	3844	480840829	80	81
HiC_scaffold_340	3803	480844740	80	81
HiC_scaffold_97	3802	477938494	80	81
HiC_scaffold_341	3795	480848609	80	81
HiC_scaffold_342	3756	480852470	80	81
HiC_scaffold_343	3695	480856291	80	81
HiC_scaffold_344	3678	480860051	80	81
HiC_scaffold_345	3674	480863793	80	81
HiC_scaffold_346	3664	480867531	80	81
HiC_scaffold_347	3654	480871259	80	81
HiC_scaffold_348	3647	480874977	80	81
HiC_scaffold_349	3644	480878688	80	81
HiC_scaffold_350	3640	480882396	80	81
HiC_scaffold_351	3638	480886100	80	81
HiC_scaffold_352	3636	480889802	80	81
HiC_scaffold_353	3618	480893502	80	81
HiC_scaffold_354	3608	480897184	80	81
HiC_scaffold_166	3594	479451212	80	81
HiC_scaffold_355	3579	480900856	80	81
HiC_scaffold_356	3555	480904498	80	81
HiC_scaffold_357	3516	480908116	80	81
HiC_scaffold_358	3510	480911694	80	81
HiC_scaffold_359	3488	480915266	80	81
HiC_scaffold_360	3472	480918816	80	81
HiC_scaffold_361	3456	480922350	80	81
HiC_scaffold_362	3335	480925868	80	81
HiC_scaffold_363	3318	480929263	80	81
HiC_scaffold_364	3311	480932641	80	81
HiC_scaffold_365	3292	480936012	80	81
HiC_scaffold_366	3287	480939364	80	81
HiC_scaffold_367	3285	480942711	80	81
HiC_scaffold_368	3275	480946056	80	81
HiC_scaffold_369	3258	480949390	80	81
HiC_scaffold_370	3250	480952707	80	81
HiC_scaffold_371	3212	480956016	80	81
HiC_scaffold_372	3170	480959287	80	81
HiC_scaffold_373	3169	480962515	80	81
HiC_scaffold_374	3153	480965742	80	81
HiC_scaffold_375	3133	480968953	80	81
HiC_scaffold_376	3071	480972144	80	81
HiC_scaffold_377	3048	480975272	80	81
HiC_scaffold_378	3038	480978377	80	81
HiC_scaffold_120	3011	478520715	80	81
HiC_scaffold_379	3007	480981471	80	81
HiC_scaffold_96	3007	477935432	80	81
HiC_scaffold_380	3000	480984534	80	81
HiC_scaffold_381	2996	480987590	80	81
HiC_scaffold_382	2985	480990642	80	81
HiC_scaffold_383	2975	480993683	80	81
HiC_scaffold_384	2971	480996714	80	81
HiC_scaffold_385	2956	480999741	80	81
HiC_scaffold_386	2943	481002752	80	81
HiC_scaffold_387	2930	481005750	80	81
HiC_scaffold_388	2898	481008735	80	81
HiC_scaffold_389	2890	481011688	80	81
HiC_scaffold_390	2866	481014633	80	81
HiC_scaffold_391	2857	481017553	80	81
HiC_scaffold_392	2856	481020464	80	81
HiC_scaffold_151	2850	479177255	80	81
HiC_scaffold_393	2847	481023374	80	81
HiC_scaffold_394	2837	481026275	80	81
HiC_scaffold_395	2826	481029166	80	81
HiC_scaffold_396	2822	481032046	80	81
HiC_scaffold_397	2821	481034922	80	81
HiC_scaffold_398	2815	481037797	80	81
HiC_scaffold_399	2813	481040666	80	81
HiC_scaffold_400	2804	481043533	80	81
HiC_scaffold_401	2802	481046391	80	81
HiC_scaffold_402	2800	481049247	80	81
HiC_scaffold_403	2776	481052100	80	81
HiC_scaffold_404	2772	481054929	80	81
HiC_scaffold_405	2744	481057754	80	81
HiC_scaffold_406	2741	481060551	80	81
HiC_scaffold_407	2719	481063345	80	81
HiC_scaffold_408	2714	481066116	80	81
HiC_scaffold_409	2709	481068882	80	81
HiC_scaffold_410	2709	481071643	80	81
HiC_scaffold_411	2703	481074404	80	81
HiC_scaffold_412	2672	481077159	80	81
HiC_scaffold_413	2658	481079883	80	81
HiC_scaffold_414	2654	481082593	80	81
HiC_scaffold_415	2638	481085299	80	81
HiC_scaffold_416	2632	481087988	80	81
HiC_scaffold_417	2614	481090671	80	81
HiC_scaffold_418	2611	481093336	80	81
HiC_scaffold_419	2605	481095998	80	81
HiC_scaffold_420	2600	481098654	80	81
HiC_scaffold_421	2597	481101305	80	81
HiC_scaffold_422	2586	481103953	80	81
HiC_scaffold_423	2581	481106590	80	81
HiC_scaffold_424	2565	481109222	80	81
HiC_scaffold_425	2565	481111838	80	81
HiC_scaffold_426	2560	481114454	80	81
HiC_scaffold_427	2554	481117064	80	81
HiC_scaffold_428	2536	481119668	80	81
HiC_scaffold_429	2520	481122254	80	81
HiC_scaffold_430	2518	481124824	80	81
HiC_scaffold_431	2514	481127392	80	81
HiC_scaffold_432	2508	481129956	80	81
HiC_scaffold_433	2500	481132514	80	81
HiC_scaffold_434	2493	481135064	80	81
HiC_scaffold_435	2490	481137607	80	81
HiC_scaffold_436	2483	481140147	80	81
HiC_scaffold_437	2482	481142680	80	81
HiC_scaffold_438	2471	481145212	80	81
HiC_scaffold_439	2466	481147732	80	81
HiC_scaffold_440	2434	481150247	80	81
HiC_scaffold_441	2421	481152730	80	81
HiC_scaffold_442	2400	481155200	80	81
HiC_scaffold_443	2366	481157648	80	81
HiC_scaffold_444	2341	481160062	80	81
HiC_scaffold_445	2333	481162451	80	81
HiC_scaffold_446	2305	481164832	80	81
HiC_scaffold_447	2303	481167184	80	81
HiC_scaffold_448	2300	481169534	80	81
HiC_scaffold_449	2291	481171881	80	81
HiC_scaffold_450	2280	481174219	80	81
HiC_scaffold_451	2266	481176546	80	81
HiC_scaffold_452	2188	481178859	80	81
HiC_scaffold_453	2166	481181093	80	81
HiC_scaffold_454	2153	481183305	80	81
HiC_scaffold_455	2128	481185503	80	81
HiC_scaffold_456	2093	481187676	80	81
HiC_scaffold_457	2092	481189814	80	81
HiC_scaffold_458	2085	481191951	80	81
HiC_scaffold_459	2084	481194081	80	81
HiC_scaffold_460	2080	481196210	80	81
HiC_scaffold_461	2076	481198334	80	81
HiC_scaffold_462	2072	481200454	80	81
HiC_scaffold_463	2064	481202570	80	81
HiC_scaffold_464	2059	481204678	80	81
HiC_scaffold_465	2051	481206781	80	81
HiC_scaffold_466	2039	481208876	80	81
HiC_scaffold_82	2000	477713735	80	81
HiC_scaffold_467	1991	481210959	80	81
HiC_scaffold_468	1982	481212993	80	81
HiC_scaffold_469	1966	481215018	80	81
HiC_scaffold_470	1961	481217027	80	81
HiC_scaffold_471	1959	481219031	80	81
HiC_scaffold_472	1951	481221033	80	81
HiC_scaffold_473	1945	481223027	80	81
HiC_scaffold_474	1942	481225015	80	81
HiC_scaffold_475	1922	481227000	80	81
HiC_scaffold_476	1918	481228965	80	81
HiC_scaffold_477	1915	481230925	80	81
HiC_scaffold_478	1906	481232882	80	81
HiC_scaffold_479	1884	481234830	80	81
HiC_scaffold_480	1880	481236756	80	81
HiC_scaffold_481	1830	481238678	80	81
HiC_scaffold_482	1827	481240549	80	81
HiC_scaffold_483	1820	481242417	80	81
HiC_scaffold_484	1769	481244278	80	81
HiC_scaffold_485	1761	481246088	80	81
HiC_scaffold_110	1714	478324260	80	81
HiC_scaffold_486	1711	481247890	80	81
HiC_scaffold_487	1698	481249641	80	81
HiC_scaffold_488	1630	481251379	80	81
HiC_scaffold_116	1592	478468211	80	81
HiC_scaffold_489	1591	481253048	80	81
HiC_scaffold_165	1582	479449592	80	81
HiC_scaffold_490	1568	481254677	80	81
HiC_scaffold_491	1562	481256283	80	81
HiC_scaffold_492	1552	481257883	80	81
HiC_scaffold_149	1529	479165001	80	81
HiC_scaffold_493	1497	481259473	80	81
HiC_scaffold_494	1474	481261007	80	81
HiC_scaffold_127	1471	478673640	80	81
HiC_scaffold_495	1388	481262518	80	81
HiC_scaffold_496	1387	481263942	80	81
HiC_scaffold_497	1380	481265365	80	81
HiC_scaffold_498	1378	481266781	80	81
HiC_scaffold_174	1366	479582106	80	81
HiC_scaffold_499	1349	481268195	80	81
HiC_scaffold_500	1327	481269579	80	81
HiC_scaffold_501	1312	481270941	80	81
HiC_scaffold_89	1271	477795109	80	81
HiC_scaffold_154	1269	479245719	80	81
HiC_scaffold_502	1162	481272288	80	81
HiC_scaffold_503	1103	481273483	80	81
HiC_scaffold_140	1098	478965628	80	81
HiC_scaffold_504	1096	481274618	80	81
HiC_scaffold_505	1069	481275746	80	81
HiC_scaffold_506	1053	481276847	80	81
HiC_scaffold_507	1044	481277932	80	81
HiC_scaffold_508	1013	481279008	80	81
HiC_scaffold_509	1001	481280052	80	81
HiC_scaffold_115	1000	478467180	80	81
HiC_scaffold_130	1000	478703663	80	81
HiC_scaffold_72	1000	477529241	80	81
HiC_scaffold_73	1000	477530271	80	81
HiC_scaffold_85	1000	477736701	80	81
HiC_scaffold_510	963	481281084	80	81
HiC_scaffold_511	950	481282078	80	81
HiC_scaffold_512	946	481283058	80	81
HiC_scaffold_513	937	481284034	80	81
HiC_scaffold_514	904	481285001	80	81
HiC_scaffold_515	882	481285935	80	81
HiC_scaffold_516	879	481286847	80	81
HiC_scaffold_517	874	481287755	80	81
HiC_scaffold_518	833	481288658	80	81
HiC_scaffold_519	779	481289520	80	81
HiC_scaffold_520	753	481290327	80	81
HiC_scaffold_521	684	481291108	80	81
HiC_scaffold_522	677	481291819	80	81
HiC_scaffold_523	643	481292523	80	81
HiC_scaffold_524	637	481293193	80	81
HiC_scaffold_525	632	481293856	80	81
HiC_scaffold_526	621	481294514	80	81
HiC_scaffold_527	522	481295161	80	81
HiC_scaffold_528	469	481295708	80	81
HiC_scaffold_529	393	481296201	80	81
